   0.792   8.198 -14.491
   2.562   5.798 -16.781
   1.607   2.161 -17.116
   4.832   1.199 -15.356
   4.111   3.617 -12.520
   0.602   2.285 -12.064
   1.714  -1.324 -12.139
   4.408  -0.770  -9.567
   2.105   1.205  -7.306
  -0.572  -1.457  -7.633
   1.912  -4.132  -6.590
   3.084  -2.116  -3.599
  -0.382  -1.475  -2.215
  -1.409  -5.076  -2.670
   1.601  -6.030  -0.595
   0.634  -3.516   2.056
  -2.904  -4.722   2.221
  -1.780  -8.327   2.655
   0.531  -7.388   5.511
  -1.980  -5.177   7.277
  -4.524  -7.939   6.928
  -2.107 -10.417   8.475
  -1.217  -8.035  11.285
  -4.851  -7.432  12.021
  -5.234 -11.170  12.581
  -2.141 -11.316  14.750
  -3.446  -8.439  16.816
  -6.797 -10.194  17.076
  -5.270 -13.358  18.507
  -3.060 -11.280  20.767
  -6.031  -9.191  21.868
  -8.076 -12.228  22.731
  -5.211 -13.452  24.879
  -4.790 -10.115  26.633
  -8.496 -10.011  27.390
  -8.391 -13.431  28.988
  -5.353 -12.465  31.025
  -6.996  -9.206  32.014
  -9.841 -10.934  33.810
  -7.886 -12.275  36.761
  -5.547  -9.300  36.612
  -8.441  -6.935  37.119
  -9.575  -8.681  40.246
  -6.013  -8.778  41.520
  -5.225  -5.180  40.636
  -8.479  -3.803  41.999
  -7.955  -5.741  45.198
  -4.612  -4.026  45.549
  -6.434  -0.693  45.087
  -8.782  -1.384  47.990
  -6.603   0.098  50.713
  -6.540   3.640  49.316
 -10.145   3.518  48.189
 -11.179   2.780  51.790
  -9.383   5.725  53.345
  -8.821   9.366  52.540
  -5.146   9.923  52.053
  -3.462  13.147  51.146
   0.099  14.373  51.308
   1.770  17.068  53.246
   1.815  20.374  51.486
   5.550  20.127  51.424
   5.188  21.137  47.818
   7.861  18.676  46.896
   8.381  15.895  44.406
   5.767  14.208  42.282
   6.314  11.237  39.994
   4.416  10.644  36.775
   4.613   7.258  35.194
   3.152   7.003  31.718
   2.423   3.605  30.284
   2.071   2.664  26.626
   4.336   0.701  24.270
   7.099   0.983  21.693
   4.839  -0.083  18.845
   3.128   2.223  16.371
  -0.140   1.703  14.459
  -2.251   1.720  17.666
  -4.282   4.803  16.966
  -4.469   7.407  19.757
  -3.058   5.172  22.470
   0.273   6.994  22.890
  -0.999  10.505  22.254
  -3.710  10.064  24.839
  -1.354   9.127  27.646
   1.137  11.750  26.605
  -1.527  14.379  26.549
  -2.544  13.700  30.108
   1.092  13.464  31.126
   1.843  16.991  29.944
  -1.480  18.178  31.258
  -0.900  16.852  34.742
   2.676  18.056  34.695
   1.785  21.655  33.986
  -0.929  21.766  36.588
   1.260  20.231  39.224
   2.073  23.031  41.588
   1.894  23.040  45.326
   2.869  19.698  46.710
   4.060  17.657  43.795
   5.139  20.958  42.326
   8.391  19.450  41.225
   7.757  16.786  38.686
   9.841  13.899  37.427
   8.622  11.629  34.685
   8.994   7.923  34.015
   7.889   6.530  30.691
   7.175   2.895  29.988
   7.189   2.331  26.256
   9.540   4.205  23.958
   6.719   6.068  22.242
   6.146   7.986  25.446
   9.690   9.325  25.242
   9.357  10.218  21.577
   6.380  12.490  22.084
   7.547  14.144  25.326
  11.293  14.539  24.803
  11.376  17.938  23.143
   9.709  19.736  26.028
  10.040  17.181  28.878
  13.573  15.874  28.418
  14.884  17.501  31.591
  12.282  15.839  33.799
  12.726  12.257  32.565
  14.157  10.050  35.284
  14.288   6.832  33.285
  12.679   5.118  30.312
  11.788   1.520  29.623
  11.583  -0.239  26.292
  10.795  -3.671  24.870
   7.194  -3.122  25.755
   4.463  -4.617  23.567
   6.294  -7.689  22.214
   5.414 -10.291  24.825
   2.496 -10.033  27.149
   3.590  -8.297  30.296
   4.362 -10.228  33.423
   4.667  -9.437  37.106
   8.370  -9.704  36.419
   8.079  -6.728  34.108
   6.312  -4.862  36.864
   9.075  -5.919  39.192
  11.796  -4.696  36.853
  10.184  -1.289  36.634
   9.624  -1.310  40.389
  13.203  -2.214  41.186
  14.540   0.455  38.924
  12.547   3.136  40.732
  13.348   2.292  44.340
  16.991   1.525  43.913
  17.493   4.468  41.606
  18.051   7.455  43.823
  14.886   9.479  43.268
  12.759   9.954  46.359
   9.252  11.009  45.473
   6.677  12.248  47.945
   3.710  11.452  45.740
   3.247   9.929  42.326
   0.686   8.944  39.733
   0.510   6.347  36.981
  -1.160   7.144  33.670
  -2.388   4.383  31.395
  -5.215   3.283  29.138
  -7.821   1.184  30.827
  -9.610  -1.263  28.591
 -13.360  -0.799  28.091
 -14.160  -2.694  24.875
 -12.610  -3.662  21.583
 -13.286  -0.147  20.240
 -12.906   1.977  23.346
 -10.508   2.680  26.193
 -10.183   5.463  28.720
  -6.998   7.090  29.876
  -6.935   7.105  33.645
  -4.633   7.981  36.493
  -4.001   6.095  39.730
  -2.126   7.482  42.691
   1.049   6.129  44.243
   1.344   7.248  47.877
   4.355   4.922  48.104
   6.285   7.530  50.054
   6.850   5.469  53.174
   6.399   8.573  55.300
   2.838   9.181  54.097
   1.733   5.708  55.174
   1.547   7.184  58.637
  -1.145   9.818  58.479
  -4.669  10.698  59.542
  -6.731   7.890  57.965
  -3.924   5.334  58.203
  -3.954   5.687  61.974
  -6.122   2.558  62.196
  -3.294   0.459  60.837
  -0.805   1.195  63.538
   0.700  -1.971  65.019
   3.029  -2.428  62.035
   6.755  -1.963  62.393
   8.613  -0.033  59.721
  10.134  -3.177  58.306
   6.893  -4.858  57.212
   5.252  -1.652  56.032
   8.254  -1.226  53.787
   7.772  -4.646  52.262
   4.041  -4.005  51.892
   4.717  -0.655  50.266
   7.139  -2.175  47.803
   4.809  -5.003  46.856
   1.923  -2.611  46.281
   4.153  -0.547  44.001
   4.663  -3.602  41.888
   0.967  -4.408  41.922
  -0.132  -1.014  40.660
   2.329  -1.040  37.799
   1.427  -4.627  37.022
  -2.199  -3.506  36.884
  -1.299  -0.692  34.518
   0.683  -2.980  32.258
  -2.091  -5.500  31.810
  -4.762  -2.900  31.210
  -2.592  -0.987  28.737
  -1.693  -4.074  26.725
  -5.304  -5.073  26.205
  -6.123  -1.593  25.034
  -3.078  -1.458  22.779
  -3.755  -4.791  21.110
  -7.389  -3.979  20.471
  -6.319  -0.606  19.108
  -3.732  -2.328  16.927
  -6.377  -4.631  15.517
  -8.582  -1.684  14.614
  -5.777   0.349  13.054
  -4.706  -2.578  10.906
  -8.288  -3.290   9.979
  -8.724   0.306   8.864
  -5.428   0.246   7.024
  -6.364  -2.851   5.066
  -9.777  -1.473   4.231
  -8.227   1.726   2.962
  -5.681  -0.241   0.981
  -8.373  -2.373  -0.598
 -10.234   0.715  -1.700
  -7.082   2.093  -3.278
  -6.433  -1.206  -4.970
  -9.911  -1.213  -6.442
  -9.460   2.270  -7.865
  -5.949   1.656  -9.123
  -6.999  -1.549 -10.846
  -9.577   0.374 -12.825
  -6.942   2.871 -13.912
  -4.609   0.005 -14.677
  -7.078  -1.676 -17.003
  -8.007   1.516 -18.814
  -4.342   2.373 -19.293
  -3.561  -1.169 -20.381
  -6.142  -1.038 -23.160
  -5.089   2.466 -24.187
  -1.479   1.370 -24.630
  -2.474  -1.446 -26.978
  -4.702   0.944 -28.924
  -2.024   3.646 -29.132
   0.728   1.263 -30.255
  -1.458  -0.305 -32.912
  -2.494   3.028 -34.410
   1.175   3.966 -34.751
   2.028   0.765 -36.623
  -0.983   1.226 -38.912
   0.035   4.798 -39.658
   3.559   3.581 -40.397
   2.167   0.988 -42.789
  -0.149   3.393 -44.602
   2.619   5.942 -45.136
   4.804   3.561 -47.097
